0	0	0
0	1	^[
0	2	'1
0	3	'2
0	4	'3
0	5	'4
0	6	'5
0	7	'6
0	8	'7
0	9	'8
0	10	'9
0	11	'0
0	12	'-
0	13	'=
0	14	^H
0	15	^I
0	16	'q
0	17	'f
0	18	'u
0	19	'y
0	20	'z
0	21	'x
0	22	'k
0	23	'c
0	24	'w
0	25	'b
0	26	'[
0	27	']
0	28	^J
0	29	0xf862
0	30	'o
0	31	'h
0	32	'e
0	33	'a
0	34	'i
0	35	'd
0	36	'r
0	37	't
0	38	'n
0	39	's
0	40	0xf867
0	41	'`
0	42	0xf016
0	43	'\
0	44	',
0	45	'm
0	46	'.
0	47	'j
0	48	';
0	49	'g
0	50	'l
0	51	'p
0	52	'v
0	53	0xf868
0	54	0xf016
0	55	'*
0	56	0xf863
0	57	0x20
0	58	0xf862
0	59	0xf001
0	60	0xf002
0	61	0xf003
0	62	0xf004
0	63	0xf005
0	64	0xf006
0	65	0xf007
0	66	0xf008
0	67	0xf009
0	68	0xf00a
0	69	0xf865
0	70	0xf015
0	71	'7
0	72	'8
0	73	'9
0	74	'-
0	75	'4
0	76	'5
0	77	'6
0	78	'+
0	79	'1
0	80	'2
0	81	'3
0	82	'0
0	83	'.
0	84	0
0	85	0
0	86	0
0	87	0xf00b
0	88	0xf00c
0	89	0
0	90	0
0	91	0
0	92	0
0	93	0
0	94	0
0	95	0
0	96	0
0	97	0
0	98	0
0	99	0
0	100	0
0	101	0
0	102	0
0	103	0
0	104	0
0	105	0
0	106	0
0	107	0
0	108	0
0	109	0
0	110	0
0	111	0
0	112	0
0	113	0
0	114	0
0	115	0
0	116	0
0	117	0
0	118	0
0	119	0
0	120	0
0	121	0xf800
0	122	0
0	123	0xf00e
0	124	0
0	125	0
0	126	0
0	127	0
1	0	0
1	1	^[
1	2	'!
1	3	'@
1	4	'#
1	5	'$
1	6	'%
1	7	'^
1	8	'&
1	9	'*
1	10	'(
1	11	')
1	12	'_
1	13	'+
1	14	^H
1	15	^I
1	16	'Q
1	17	'F
1	18	'U
1	19	'Y
1	20	'Z
1	21	'X
1	22	'K
1	23	'C
1	24	'W
1	25	'B
1	26	'{
1	27	'}
1	28	^J
1	29	0xf862
1	30	'O
1	31	'H
1	32	'E
1	33	'A
1	34	'I
1	35	'D
1	36	'R
1	37	'T
1	38	'N
1	39	'S
1	40	0xf867
1	41	'~
1	42	0xf016
1	43	'|
1	44	'.
1	45	'M
1	46	',
1	47	'J
1	48	';
1	49	'G
1	50	'L
1	51	'P
1	52	'V
1	53	0xf868
1	54	0xf016
1	55	'*
1	56	0xf863
1	57	0x20
1	58	0xf862
1	59	0xf001
1	60	0xf002
1	61	0xf003
1	62	0xf004
1	63	0xf005
1	64	0xf006
1	65	0xf007
1	66	0xf008
1	67	0xf009
1	68	0xf00a
1	69	0xf865
1	70	0xf015
1	71	'7
1	72	'8
1	73	'9
1	74	'-
1	75	'4
1	76	'5
1	77	'6
1	78	'+
1	79	'1
1	80	'2
1	81	'3
1	82	'0
1	83	'.
1	84	0
1	85	0
1	86	0
1	87	0xf00b
1	88	0xf00c
1	89	0
1	90	0
1	91	0
1	92	0
1	93	0
1	94	0
1	95	0
1	96	0
1	97	0
1	98	0
1	99	0
1	100	0
1	101	0
1	102	0
1	103	0
1	104	0
1	105	0
1	106	0
1	107	0
1	108	0
1	109	0
1	110	0
1	111	0
1	112	0
1	113	0
1	114	0
1	115	0
1	116	0
1	117	0
1	118	0
1	119	0
1	120	0
1	121	0xf00e
1	122	0
1	123	0xf00e
1	124	0
1	125	0
1	126	0
1	127	0
2	0	0
2	1	0
2	2	0
2	3	0
2	4	0
2	5	0
2	6	0
2	7	0
2	8	0
2	9	0
2	10	0
2	11	0
2	12	0
2	13	0
2	14	0
2	15	0
2	16	0
2	17	0
2	18	0
2	19	0
2	20	0
2	21	0
2	22	0
2	23	0
2	24	0
2	25	0
2	26	0
2	27	0
2	28	^J
2	29	0xf862
2	30	0
2	31	0
2	32	0
2	33	0
2	34	0
2	35	0
2	36	0
2	37	0
2	38	0
2	39	0
2	40	0xf867
2	41	0
2	42	0
2	43	0
2	44	0
2	45	0
2	46	0
2	47	0
2	48	0
2	49	0
2	50	0
2	51	0
2	52	0
2	53	0xf868
2	54	0
2	55	0xf010
2	56	0xf867
2	57	0
2	58	0
2	59	0
2	60	0
2	61	0
2	62	0
2	63	0
2	64	0
2	65	0
2	66	0
2	67	0
2	68	0
2	69	0
2	70	0xf861
2	71	0xf00d
2	72	0xf00e
2	73	0xf00f
2	74	0
2	75	0xf011
2	76	0
2	77	0xf012
2	78	0
2	79	0xf018
2	80	0xf800
2	81	0xf013
2	82	0xf014
2	83	0x7f
2	84	0
2	85	0
2	86	0
2	87	0
2	88	0
2	89	0
2	90	0
2	91	0xf868
2	92	0
2	93	0
2	94	0
2	95	0
2	96	0
2	97	0
2	98	0
2	99	0
2	100	0
2	101	0
2	102	0
2	103	0
2	104	0
2	105	0
2	106	0
2	107	0
2	108	0
2	109	0
2	110	0
2	111	0
2	112	0
2	113	0
2	114	0
2	115	0
2	116	0
2	117	0
2	118	0
2	119	0
2	120	0
2	121	0xf00e
2	122	0
2	123	0
2	124	0
2	125	0
2	126	0
2	127	0
3	0	0
3	1	0
3	2	0
3	3	0
3	4	0
3	5	0
3	6	0
3	7	0
3	8	0
3	9	0
3	10	0
3	11	0
3	12	0
3	13	0
3	14	0
3	15	0
3	16	'"
3	17	'_
3	18	'[
3	19	']
3	20	'!
3	21	'^
3	22	'<
3	23	'>
3	24	'&
3	25	'=
3	26	'[
3	27	']
3	28	^J
3	29	0xf862
3	30	'/
3	31	'-
3	32	'{
3	33	'}
3	34	'*
3	35	'?
3	36	'(
3	37	')
3	38	''
3	39	':
3	40	0xf867
3	41	0
3	42	0xf016
3	43	'\
3	44	'#
3	45	'$
3	46	'|
3	47	'~
3	48	'`
3	49	'+
3	50	'%
3	51	'\
3	52	'@
3	53	0xf868
3	54	0
3	55	0xf010
3	56	0xf867
3	57	0
3	58	0
3	59	0
3	60	0
3	61	0
3	62	0
3	63	0
3	64	0
3	65	0
3	66	0
3	67	0
3	68	0
3	69	0
3	70	0xf861
3	71	0xf00d
3	72	0xf00e
3	73	0xf00f
3	74	0
3	75	0xf011
3	76	0
3	77	0xf012
3	78	0
3	79	0xf018
3	80	0xf800
3	81	0xf013
3	82	0xf014
3	83	0x7f
3	84	0
3	85	0
3	86	0
3	87	0
3	88	0
3	89	0
3	90	0
3	91	0
3	92	0
3	93	0
3	94	0
3	95	0
3	96	0
3	97	0
3	98	0
3	99	0
3	100	0
3	101	0
3	102	0
3	103	0
3	104	0
3	105	0
3	106	0
3	107	0
3	108	0
3	109	0
3	110	0
3	111	0
3	112	0
3	113	0
3	114	0
3	115	0
3	116	0
3	117	0
3	118	0
3	119	0
3	120	0
3	121	0xf00e
3	122	0
3	123	0
3	124	0
3	125	0
3	126	0
3	127	0
4	0	0
4	1	^[
4	2	^Q
4	3	^R
4	4	^S
4	5	^T
4	6	^U
4	7	^V
4	8	^W
4	9	^X
4	10	^Y
4	11	^P
4	12	^M
4	13	^]
4	14	^H
4	15	^I
4	16	^Q
4	17	^F
4	18	^U
4	19	^Y
4	20	^Z
4	21	^X
4	22	^K
4	23	^C
4	24	^W
4	25	^B
4	26	^[
4	27	^]
4	28	^J
4	29	0xf862
4	30	^O
4	31	^H
4	32	^E
4	33	^A
4	34	^I
4	35	^D
4	36	^R
4	37	^T
4	38	^N
4	39	^S
4	40	0xf867
4	41	0xf867
4	42	0xf016
4	43	^\
4	44	^.
4	45	^M
4	46	^,
4	47	^J
4	48	^;
4	49	^G
4	50	^L
4	51	^P
4	52	^V
4	53	0xf868
4	54	0xf016
4	55	^J
4	56	0xf863
4	57	0
4	58	0xf862
4	59	^E
4	60	^F
4	61	^G
4	62	^D
4	63	^E
4	64	^F
4	65	^G
4	66	^L
4	67	^M
4	68	^N
4	69	^E
4	70	^F
4	71	^W
4	72	^X
4	73	^Y
4	74	^M
4	75	^T
4	76	^U
4	77	^V
4	78	^K
4	79	^Q
4	80	^R
4	81	^S
4	82	^P
4	83	^N
4	84	0
4	85	0
4	86	0
4	87	^O
4	88	^L
4	89	0
4	90	0
4	91	0
4	92	0
4	93	0
4	94	0
4	95	0
4	96	0
4	97	0
4	98	0
4	99	0
4	100	0
4	101	0
4	102	0
4	103	0
4	104	0
4	105	0
4	106	0
4	107	0
4	108	0
4	109	0
4	110	0
4	111	0
4	112	0
4	113	0
4	114	0
4	115	0
4	116	0
4	117	0
4	118	0
4	119	0
4	120	0
4	121	^G
4	122	0
4	123	^H
4	124	0
4	125	0
4	126	0
4	127	0
8	0	0
8	1	^[
8	2	'1
8	3	'2
8	4	'3
8	5	'4
8	6	'5
8	7	'6
8	8	'7
8	9	'8
8	10	'9
8	11	'0
8	12	'-
8	13	'=
8	14	^H
8	15	^I
8	16	0xf00f
8	17	0x08
8	18	0xf00e
8	19	0x7f
8	20	0xf013
8	21	0
8	22	'1
8	23	'2
8	24	'3
8	25	0
8	26	0
8	27	0
8	28	^J
8	29	0xf862
8	30	0f00d
8	31	0xf011
8	32	0xf800
8	33	0xf012
8	34	0xf018
8	35	0
8	36	'4
8	37	'5
8	38	'6
8	39	0
8	40	0xf867
8	41	'`
8	42	0xf016
8	43	0
8	44	0
8	45	0
8	46	0
8	47	0
8	48	0
8	49	'0
8	50	'7
8	51	'8
8	52	'9
8	53	0xf868
8	54	0xf016
8	55	'*
8	56	0xf863
8	57	0x20
8	58	0xf862
8	59	0xf001
8	60	0xf002
8	61	0xf003
8	62	0xf004
8	63	0xf005
8	64	0xf006
8	65	0xf007
8	66	0xf008
8	67	0xf009
8	68	0xf00a
8	69	0xf865
8	70	0xf015
8	71	'7
8	72	'8
8	73	'9
8	74	'-
8	75	'4
8	76	'5
8	77	'6
8	78	'+
8	79	'1
8	80	'2
8	81	'3
8	82	'0
8	83	'.
8	84	0
8	85	0
8	86	0
8	87	0xf00b
8	88	0xf00c
8	89	0
8	90	0
8	91	0
8	92	0
8	93	0
8	94	0
8	95	0
8	96	0
8	97	0
8	98	0
8	99	0
8	100	0
8	101	0
8	102	0
8	103	0
8	104	0
8	105	0
8	106	0
8	107	0
8	108	0
8	109	0
8	110	0
8	111	0
8	112	0
8	113	0
8	114	0
8	115	0
8	116	0
8	117	0
8	118	0
8	119	0
8	120	0
8	121	0xf800
8	122	0
8	123	0xf00e
8	124	0
8	125	0
8	126	0
8	127	0


